Column_Data_00
    step        time[-]         Q:X-         Q:X+         Q:Y-         Q:Y+         Q:Z-         Q:Z+ > Balance[-]     : 
       1   6.250000e-03   0.0000e+00  -0.0000e+00   0.0000e+00  -0.0000e+00   0.0000e+00  -0.0000e+00 >     0.0000e+00 : 
       2   1.250000e-02   0.0000e+00  -0.0000e+00   0.0000e+00  -0.0000e+00   0.0000e+00  -0.0000e+00 >     0.0000e+00 : 
       3   1.875000e-02   0.0000e+00  -0.0000e+00   0.0000e+00  -0.0000e+00   0.0000e+00  -0.0000e+00 >     0.0000e+00 : 
       4   2.500000e-02   0.0000e+00  -0.0000e+00   0.0000e+00  -0.0000e+00   0.0000e+00  -0.0000e+00 >     0.0000e+00 : 
       5   3.125000e-02   0.0000e+00  -0.0000e+00   0.0000e+00  -0.0000e+00   0.0000e+00  -0.0000e+00 >     0.0000e+00 : 
       6   3.750000e-02   0.0000e+00  -0.0000e+00   0.0000e+00  -0.0000e+00   0.0000e+00  -0.0000e+00 >     0.0000e+00 : 
       7   4.375000e-02   0.0000e+00  -0.0000e+00   0.0000e+00  -0.0000e+00   0.0000e+00  -0.0000e+00 >     0.0000e+00 : 
       8   5.000000e-02   0.0000e+00  -0.0000e+00   0.0000e+00  -0.0000e+00   0.0000e+00  -0.0000e+00 >     0.0000e+00 : 
       9   5.625000e-02   0.0000e+00  -0.0000e+00   0.0000e+00  -0.0000e+00   0.0000e+00  -0.0000e+00 >     0.0000e+00 : 
      10   6.250000e-02   0.0000e+00  -0.0000e+00   0.0000e+00  -0.0000e+00   0.0000e+00  -0.0000e+00 >     0.0000e+00 : 
      11   6.875000e-02   0.0000e+00  -0.0000e+00   0.0000e+00  -0.0000e+00   0.0000e+00  -0.0000e+00 >     0.0000e+00 : 
      12   7.500000e-02   0.0000e+00  -0.0000e+00   0.0000e+00  -0.0000e+00   0.0000e+00  -0.0000e+00 >     0.0000e+00 : 
      13   8.125000e-02   0.0000e+00  -0.0000e+00   0.0000e+00  -0.0000e+00   0.0000e+00  -0.0000e+00 >     0.0000e+00 : 
      14   8.750000e-02   0.0000e+00  -0.0000e+00   0.0000e+00  -0.0000e+00   0.0000e+00  -0.0000e+00 >     0.0000e+00 : 
      15   9.375000e-02   0.0000e+00  -0.0000e+00   0.0000e+00  -0.0000e+00   0.0000e+00  -0.0000e+00 >     0.0000e+00 : 
      16   1.000000e-01   0.0000e+00  -0.0000e+00   0.0000e+00  -0.0000e+00   0.0000e+00  -0.0000e+00 >     0.0000e+00 : 
      17   1.062500e-01   0.0000e+00  -0.0000e+00   0.0000e+00  -0.0000e+00   0.0000e+00  -0.0000e+00 >     0.0000e+00 : 
      18   1.125000e-01   0.0000e+00  -0.0000e+00   0.0000e+00  -0.0000e+00   0.0000e+00  -0.0000e+00 >     0.0000e+00 : 
      19   1.187500e-01   0.0000e+00  -0.0000e+00   0.0000e+00  -0.0000e+00   0.0000e+00  -0.0000e+00 >     0.0000e+00 : 
      20   1.250000e-01   0.0000e+00  -0.0000e+00   0.0000e+00  -0.0000e+00   0.0000e+00  -0.0000e+00 >     0.0000e+00 : 
      21   1.312500e-01   0.0000e+00  -0.0000e+00   0.0000e+00  -0.0000e+00   0.0000e+00  -0.0000e+00 >     0.0000e+00 : 
      22   1.375000e-01   0.0000e+00  -0.0000e+00   0.0000e+00  -0.0000e+00   0.0000e+00  -0.0000e+00 >     0.0000e+00 : 
      23   1.437500e-01   0.0000e+00  -0.0000e+00   0.0000e+00  -0.0000e+00   0.0000e+00  -0.0000e+00 >     0.0000e+00 : 
      24   1.500000e-01   0.0000e+00  -0.0000e+00   0.0000e+00  -0.0000e+00   0.0000e+00  -0.0000e+00 >     0.0000e+00 : 
      25   1.562500e-01   0.0000e+00  -0.0000e+00   0.0000e+00  -0.0000e+00   0.0000e+00  -0.0000e+00 >     0.0000e+00 : 
      26   1.625000e-01   0.0000e+00  -0.0000e+00   0.0000e+00  -0.0000e+00   0.0000e+00  -0.0000e+00 >     0.0000e+00 : 
      27   1.687500e-01   0.0000e+00  -0.0000e+00   0.0000e+00  -0.0000e+00   0.0000e+00  -0.0000e+00 >     0.0000e+00 : 
      28   1.750000e-01   0.0000e+00  -0.0000e+00   0.0000e+00  -0.0000e+00   0.0000e+00  -0.0000e+00 >     0.0000e+00 : 
      29   1.812500e-01   0.0000e+00  -0.0000e+00   0.0000e+00  -0.0000e+00   0.0000e+00  -0.0000e+00 >     0.0000e+00 : 
      30   1.875000e-01   0.0000e+00  -0.0000e+00   0.0000e+00  -0.0000e+00   0.0000e+00  -0.0000e+00 >     0.0000e+00 : 
      31   1.937500e-01   0.0000e+00  -0.0000e+00   0.0000e+00  -0.0000e+00   0.0000e+00  -0.0000e+00 >     0.0000e+00 : 
      32   2.000000e-01   0.0000e+00  -0.0000e+00   0.0000e+00  -0.0000e+00   0.0000e+00  -0.0000e+00 >     0.0000e+00 : 
      33   2.062500e-01   0.0000e+00  -0.0000e+00   0.0000e+00  -0.0000e+00   0.0000e+00  -0.0000e+00 >     0.0000e+00 : 
      34   2.125000e-01   0.0000e+00  -0.0000e+00   0.0000e+00  -0.0000e+00   0.0000e+00  -0.0000e+00 >     0.0000e+00 : 
      35   2.187500e-01   0.0000e+00  -0.0000e+00   0.0000e+00  -0.0000e+00   0.0000e+00  -0.0000e+00 >     0.0000e+00 : 
      36   2.250000e-01   0.0000e+00  -0.0000e+00   0.0000e+00  -0.0000e+00   0.0000e+00  -0.0000e+00 >     0.0000e+00 : 
      37   2.312500e-01   0.0000e+00  -0.0000e+00   0.0000e+00  -0.0000e+00   0.0000e+00  -0.0000e+00 >     0.0000e+00 : 
      38   2.375000e-01   0.0000e+00  -0.0000e+00   0.0000e+00  -0.0000e+00   0.0000e+00  -0.0000e+00 >     0.0000e+00 : 
      39   2.437500e-01   0.0000e+00  -0.0000e+00   0.0000e+00  -0.0000e+00   0.0000e+00  -0.0000e+00 >     0.0000e+00 : 
      40   2.500000e-01   0.0000e+00  -0.0000e+00   0.0000e+00  -0.0000e+00   0.0000e+00  -0.0000e+00 >     0.0000e+00 : 
      41   2.562500e-01   0.0000e+00  -0.0000e+00   0.0000e+00  -0.0000e+00   0.0000e+00  -0.0000e+00 >     0.0000e+00 : 
      42   2.625000e-01   0.0000e+00  -0.0000e+00   0.0000e+00  -0.0000e+00   0.0000e+00  -0.0000e+00 >     0.0000e+00 : 
      43   2.687500e-01   0.0000e+00  -0.0000e+00   0.0000e+00  -0.0000e+00   0.0000e+00  -0.0000e+00 >     0.0000e+00 : 
      44   2.750000e-01   0.0000e+00  -0.0000e+00   0.0000e+00  -0.0000e+00   0.0000e+00  -0.0000e+00 >     0.0000e+00 : 
      45   2.812500e-01   0.0000e+00  -0.0000e+00   0.0000e+00  -0.0000e+00   0.0000e+00  -0.0000e+00 >     0.0000e+00 : 
      46   2.875000e-01   0.0000e+00  -0.0000e+00   0.0000e+00  -0.0000e+00   0.0000e+00  -0.0000e+00 >     0.0000e+00 : 
      47   2.937500e-01   0.0000e+00  -0.0000e+00   0.0000e+00  -0.0000e+00   0.0000e+00  -0.0000e+00 >     0.0000e+00 : 
      48   3.000000e-01   0.0000e+00  -0.0000e+00   0.0000e+00  -0.0000e+00   0.0000e+00  -0.0000e+00 >     0.0000e+00 : 
      49   3.062500e-01   0.0000e+00  -0.0000e+00   0.0000e+00  -0.0000e+00   0.0000e+00  -0.0000e+00 >     0.0000e+00 : 
      50   3.125000e-01   0.0000e+00  -0.0000e+00   0.0000e+00  -0.0000e+00   0.0000e+00  -0.0000e+00 >     0.0000e+00 : 
      51   3.187500e-01   0.0000e+00  -0.0000e+00   0.0000e+00  -0.0000e+00   0.0000e+00  -0.0000e+00 >     0.0000e+00 : 
      52   3.250000e-01   0.0000e+00  -0.0000e+00   0.0000e+00  -0.0000e+00   0.0000e+00  -0.0000e+00 >     0.0000e+00 : 
      53   3.312500e-01   0.0000e+00  -0.0000e+00   0.0000e+00  -0.0000e+00   0.0000e+00  -0.0000e+00 >     0.0000e+00 : 
      54   3.375000e-01   0.0000e+00  -0.0000e+00   0.0000e+00  -0.0000e+00   0.0000e+00  -0.0000e+00 >     0.0000e+00 : 
      55   3.437500e-01   0.0000e+00  -0.0000e+00   0.0000e+00  -0.0000e+00   0.0000e+00  -0.0000e+00 >     0.0000e+00 : 
      56   3.500000e-01   0.0000e+00  -0.0000e+00   0.0000e+00  -0.0000e+00   0.0000e+00  -0.0000e+00 >     0.0000e+00 : 
      57   3.562500e-01   0.0000e+00  -0.0000e+00   0.0000e+00  -0.0000e+00   0.0000e+00  -0.0000e+00 >     0.0000e+00 : 
      58   3.625000e-01   0.0000e+00  -0.0000e+00   0.0000e+00  -0.0000e+00   0.0000e+00  -0.0000e+00 >     0.0000e+00 : 
      59   3.687500e-01   0.0000e+00  -0.0000e+00   0.0000e+00  -0.0000e+00   0.0000e+00  -0.0000e+00 >     0.0000e+00 : 
      60   3.750000e-01   0.0000e+00  -0.0000e+00   0.0000e+00  -0.0000e+00   0.0000e+00  -0.0000e+00 >     0.0000e+00 : 
      61   3.812500e-01   0.0000e+00  -0.0000e+00   0.0000e+00  -0.0000e+00   0.0000e+00  -0.0000e+00 >     0.0000e+00 : 
      62   3.875000e-01   0.0000e+00  -0.0000e+00   0.0000e+00  -0.0000e+00   0.0000e+00  -0.0000e+00 >     0.0000e+00 : 
      63   3.937500e-01   0.0000e+00  -0.0000e+00   0.0000e+00  -0.0000e+00   0.0000e+00  -0.0000e+00 >     0.0000e+00 : 
      64   4.000000e-01   0.0000e+00  -0.0000e+00   0.0000e+00  -0.0000e+00   0.0000e+00  -0.0000e+00 >     0.0000e+00 : 
      65   4.062500e-01   0.0000e+00  -0.0000e+00   0.0000e+00  -0.0000e+00   0.0000e+00  -0.0000e+00 >     0.0000e+00 : 
      66   4.125000e-01   0.0000e+00  -0.0000e+00   0.0000e+00  -0.0000e+00   0.0000e+00  -0.0000e+00 >     0.0000e+00 : 
      67   4.187500e-01   0.0000e+00  -0.0000e+00   0.0000e+00  -0.0000e+00   0.0000e+00  -0.0000e+00 >     0.0000e+00 : 
      68   4.250000e-01   0.0000e+00  -0.0000e+00   0.0000e+00  -0.0000e+00   0.0000e+00  -0.0000e+00 >     0.0000e+00 : 
      69   4.312500e-01   0.0000e+00  -0.0000e+00   0.0000e+00  -0.0000e+00   0.0000e+00  -0.0000e+00 >     0.0000e+00 : 
      70   4.375000e-01   0.0000e+00  -0.0000e+00   0.0000e+00  -0.0000e+00   0.0000e+00  -0.0000e+00 >     0.0000e+00 : 
      71   4.437500e-01   0.0000e+00  -0.0000e+00   0.0000e+00  -0.0000e+00   0.0000e+00  -0.0000e+00 >     0.0000e+00 : 
      72   4.500000e-01   0.0000e+00  -0.0000e+00   0.0000e+00  -0.0000e+00   0.0000e+00  -0.0000e+00 >     0.0000e+00 : 
      73   4.562500e-01   0.0000e+00  -0.0000e+00   0.0000e+00  -0.0000e+00   0.0000e+00  -0.0000e+00 >     0.0000e+00 : 
      74   4.625000e-01   0.0000e+00  -0.0000e+00   0.0000e+00  -0.0000e+00   0.0000e+00  -0.0000e+00 >     0.0000e+00 : 
      75   4.687500e-01   0.0000e+00  -0.0000e+00   0.0000e+00  -0.0000e+00   0.0000e+00  -0.0000e+00 >     0.0000e+00 : 
      76   4.750000e-01   0.0000e+00  -0.0000e+00   0.0000e+00  -0.0000e+00   0.0000e+00  -0.0000e+00 >     0.0000e+00 : 
      77   4.812500e-01   0.0000e+00  -0.0000e+00   0.0000e+00  -0.0000e+00   0.0000e+00  -0.0000e+00 >     0.0000e+00 : 
      78   4.875000e-01   0.0000e+00  -0.0000e+00   0.0000e+00  -0.0000e+00   0.0000e+00  -0.0000e+00 >     0.0000e+00 : 
      79   4.937500e-01   0.0000e+00  -0.0000e+00   0.0000e+00  -0.0000e+00   0.0000e+00  -0.0000e+00 >     0.0000e+00 : 
      80   5.000000e-01   0.0000e+00  -0.0000e+00   0.0000e+00  -0.0000e+00   0.0000e+00  -0.0000e+00 >     0.0000e+00 : 
      81   5.062500e-01   0.0000e+00  -0.0000e+00   0.0000e+00  -0.0000e+00   0.0000e+00  -0.0000e+00 >     0.0000e+00 : 
      82   5.125000e-01   0.0000e+00  -0.0000e+00   0.0000e+00  -0.0000e+00   0.0000e+00  -0.0000e+00 >     0.0000e+00 : 
      83   5.187500e-01   0.0000e+00  -0.0000e+00   0.0000e+00  -0.0000e+00   0.0000e+00  -0.0000e+00 >     0.0000e+00 : 
      84   5.250000e-01   0.0000e+00  -0.0000e+00   0.0000e+00  -0.0000e+00   0.0000e+00  -0.0000e+00 >     0.0000e+00 : 
      85   5.312500e-01   0.0000e+00  -0.0000e+00   0.0000e+00  -0.0000e+00   0.0000e+00  -0.0000e+00 >     0.0000e+00 : 
      86   5.375000e-01   0.0000e+00  -0.0000e+00   0.0000e+00  -0.0000e+00   0.0000e+00  -0.0000e+00 >     0.0000e+00 : 
      87   5.437500e-01   0.0000e+00  -0.0000e+00   0.0000e+00  -0.0000e+00   0.0000e+00  -0.0000e+00 >     0.0000e+00 : 
      88   5.500000e-01   0.0000e+00  -0.0000e+00   0.0000e+00  -0.0000e+00   0.0000e+00  -0.0000e+00 >     0.0000e+00 : 
      89   5.562500e-01   0.0000e+00  -0.0000e+00   0.0000e+00  -0.0000e+00   0.0000e+00  -0.0000e+00 >     0.0000e+00 : 
      90   5.625000e-01   0.0000e+00  -0.0000e+00   0.0000e+00  -0.0000e+00   0.0000e+00  -0.0000e+00 >     0.0000e+00 : 
      91   5.687500e-01   0.0000e+00  -0.0000e+00   0.0000e+00  -0.0000e+00   0.0000e+00  -0.0000e+00 >     0.0000e+00 : 
      92   5.750000e-01   0.0000e+00  -0.0000e+00   0.0000e+00  -0.0000e+00   0.0000e+00  -0.0000e+00 >     0.0000e+00 : 
      93   5.812500e-01   0.0000e+00  -0.0000e+00   0.0000e+00  -0.0000e+00   0.0000e+00  -0.0000e+00 >     0.0000e+00 : 
      94   5.875000e-01   0.0000e+00  -0.0000e+00   0.0000e+00  -0.0000e+00   0.0000e+00  -0.0000e+00 >     0.0000e+00 : 
      95   5.937500e-01   0.0000e+00  -0.0000e+00   0.0000e+00  -0.0000e+00   0.0000e+00  -0.0000e+00 >     0.0000e+00 : 
      96   6.000000e-01   0.0000e+00  -0.0000e+00   0.0000e+00  -0.0000e+00   0.0000e+00  -0.0000e+00 >     0.0000e+00 : 
      97   6.062500e-01   0.0000e+00  -0.0000e+00   0.0000e+00  -0.0000e+00   0.0000e+00  -0.0000e+00 >     0.0000e+00 : 
      98   6.125000e-01   0.0000e+00  -0.0000e+00   0.0000e+00  -0.0000e+00   0.0000e+00  -0.0000e+00 >     0.0000e+00 : 
      99   6.187500e-01   0.0000e+00  -0.0000e+00   0.0000e+00  -0.0000e+00   0.0000e+00  -0.0000e+00 >     0.0000e+00 : 
     100   6.250000e-01   0.0000e+00  -0.0000e+00   0.0000e+00  -0.0000e+00   0.0000e+00  -0.0000e+00 >     0.0000e+00 : 
