    1     1     1 : -267911424 -537132545 
    2     1     1 : -267911681 -537132545 
    3     1     1 : -267911681 -537132545 
    4     1     1 : -267911681 -537132545 
    5     1     1 : -267911681 -537132545 
    6     1     1 : -267911681 -537132545 
    7     1     1 : -267911681 -537132545 
    8     1     1 : -267648513 -537132545 
    1     2     1 : -537395456 -537132545 
    2     2     1 : -537395713 -537132545 
    3     2     1 : -537395713 -537132545 
    4     2     1 : -537395713 -537132545 
    5     2     1 : -537395713 -537132545 
    6     2     1 : -537395713 -537132545 
    7     2     1 : -537395713 -537132545 
    8     2     1 : -537132545 -537132545 
    1     3     1 : -537395456 -537132545 
    2     3     1 : -537395713 -537132545 
    3     3     1 : -537395713 -537132545 
    4     3     1 : -537395713 -537132545 
    5     3     1 : -537395713 -537132545 
    6     3     1 : -537395713 -537132545 
    7     3     1 : -537395713 -537132545 
    8     3     1 : -537132545 -537132545 
    1     4     1 : -537395456 -537132545 
    2     4     1 : -537395713 -537132545 
    3     4     1 : -537395713 -537132545 
    4     4     1 : -537395713 -537132545 
    5     4     1 : -537395713 -537132545 
    6     4     1 : -537395713 -537132545 
    7     4     1 : -537395713 -537132545 
    8     4     1 : -537132545 -537132545 
    1     5     1 : -537395456 -537132545 
    2     5     1 : -537395713 -537132545 
    3     5     1 : -537395713 -537132545 
    4     5     1 : -537395713 -537132545 
    5     5     1 : -537395713 -537132545 
    6     5     1 : -537395713 -537132545 
    7     5     1 : -537395713 -537132545 
    8     5     1 : -537132545 -537132545 
    1     6     1 : -537395456 -537132545 
    2     6     1 : -537395713 -537132545 
    3     6     1 : -537395713 -537132545 
    4     6     1 : -537395713 -537132545 
    5     6     1 : -537395713 -537132545 
    6     6     1 : -537395713 -537132545 
    7     6     1 : -537395713 -537132545 
    8     6     1 : -537132545 -537132545 
    1     7     1 : -537395456 -537132545 
    2     7     1 : -537395713 -537132545 
    3     7     1 : -537395713 -537132545 
    4     7     1 : -537395713 -537132545 
    5     7     1 : -537395713 -537132545 
    6     7     1 : -537395713 -537132545 
    7     7     1 : -537395713 -537132545 
    8     7     1 : -537132545 -537132545 
    1     8     1 : -537395456 -537132288 
    2     8     1 : -537395713 -537132288 
    3     8     1 : -537395713 -537132288 
    4     8     1 : -537395713 -537132288 
    5     8     1 : -537395713 -537132288 
    6     8     1 : -537395713 -537132288 
    7     8     1 : -537395713 -537132288 
    8     8     1 : -537132545 -537132288 
    1     1     2 : -267911424 -537395713 
    2     1     2 : -267911681 -537395713 
    3     1     2 : -267911681 -537395713 
    4     1     2 : -267911681 -537395713 
    5     1     2 : -267911681 -537395713 
    6     1     2 : -267911681 -537395713 
    7     1     2 : -267911681 -537395713 
    8     1     2 : -267648513 -537395713 
    1     2     2 : -537395456 -537395713 
    2     2     2 : -537395713 -537395713 
    3     2     2 : -537395713 -537395713 
    4     2     2 : -537395713 -537395713 
    5     2     2 : -537395713 -537395713 
    6     2     2 : -537395713 -537395713 
    7     2     2 : -537395713 -537395713 
    8     2     2 : -537132545 -537395713 
    1     3     2 : -537395456 -537395713 
    2     3     2 : -537395713 -537395713 
    3     3     2 : -537395713 -537395713 
    4     3     2 : -537395713 -537395713 
    5     3     2 : -537395713 -537395713 
    6     3     2 : -537395713 -537395713 
    7     3     2 : -537395713 -537395713 
    8     3     2 : -537132545 -537395713 
    1     4     2 : -537395456 -537395713 
    2     4     2 : -537395713 -537395713 
    3     4     2 : -537395713 -537395713 
    4     4     2 : -537395713 -537395713 
    5     4     2 : -537395713 -537395713 
    6     4     2 : -537395713 -537395713 
    7     4     2 : -537395713 -537395713 
    8     4     2 : -537132545 -537395713 
    1     5     2 : -537395456 -537395713 
    2     5     2 : -537395713 -537395713 
    3     5     2 : -537395713 -537395713 
    4     5     2 : -537395713 -537395713 
    5     5     2 : -537395713 -537395713 
    6     5     2 : -537395713 -537395713 
    7     5     2 : -537395713 -537395713 
    8     5     2 : -537132545 -537395713 
    1     6     2 : -537395456 -537395713 
    2     6     2 : -537395713 -537395713 
    3     6     2 : -537395713 -537395713 
    4     6     2 : -537395713 -537395713 
    5     6     2 : -537395713 -537395713 
    6     6     2 : -537395713 -537395713 
    7     6     2 : -537395713 -537395713 
    8     6     2 : -537132545 -537395713 
    1     7     2 : -537395456 -537395713 
    2     7     2 : -537395713 -537395713 
    3     7     2 : -537395713 -537395713 
    4     7     2 : -537395713 -537395713 
    5     7     2 : -537395713 -537395713 
    6     7     2 : -537395713 -537395713 
    7     7     2 : -537395713 -537395713 
    8     7     2 : -537132545 -537395713 
    1     8     2 : -537395456 -537395456 
    2     8     2 : -537395713 -537395456 
    3     8     2 : -537395713 -537395456 
    4     8     2 : -537395713 -537395456 
    5     8     2 : -537395713 -537395456 
    6     8     2 : -537395713 -537395456 
    7     8     2 : -537395713 -537395456 
    8     8     2 : -537132545 -537395456 
    1     1     3 : -267911424 -537395713 
    2     1     3 : -267911681 -537395713 
    3     1     3 : -267911681 -537395713 
    4     1     3 : -267911681 -537395713 
    5     1     3 : -267911681 -537395713 
    6     1     3 : -267911681 -537395713 
    7     1     3 : -267911681 -537395713 
    8     1     3 : -267648513 -537395713 
    1     2     3 : -537395456 -537395713 
    2     2     3 : -537395713 -537395713 
    3     2     3 : -537395713 -537395713 
    4     2     3 : -537395713 -537395713 
    5     2     3 : -537395713 -537395713 
    6     2     3 : -537395713 -537395713 
    7     2     3 : -537395713 -537395713 
    8     2     3 : -537132545 -537395713 
    1     3     3 : -537395456 -537395713 
    2     3     3 : -537395713 -537395713 
    3     3     3 : -537395713 -537395713 
    4     3     3 : -537395713 -537395713 
    5     3     3 : -537395713 -537395713 
    6     3     3 : -537395713 -537395713 
    7     3     3 : -537395713 -537395713 
    8     3     3 : -537132545 -537395713 
    1     4     3 : -537395456 -537395713 
    2     4     3 : -537395713 -537395713 
    3     4     3 : -537395713 -537395713 
    4     4     3 : -537395713 -537395713 
    5     4     3 : -537395713 -537395713 
    6     4     3 : -537395713 -537395713 
    7     4     3 : -537395713 -537395713 
    8     4     3 : -537132545 -537395713 
    1     5     3 : -537395456 -537395713 
    2     5     3 : -537395713 -537395713 
    3     5     3 : -537395713 -537395713 
    4     5     3 : -537395713 -537395713 
    5     5     3 : -537395713 -537395713 
    6     5     3 : -537395713 -537395713 
    7     5     3 : -537395713 -537395713 
    8     5     3 : -537132545 -537395713 
    1     6     3 : -537395456 -537395713 
    2     6     3 : -537395713 -537395713 
    3     6     3 : -537395713 -537395713 
    4     6     3 : -537395713 -537395713 
    5     6     3 : -537395713 -537395713 
    6     6     3 : -537395713 -537395713 
    7     6     3 : -537395713 -537395713 
    8     6     3 : -537132545 -537395713 
    1     7     3 : -537395456 -537395713 
    2     7     3 : -537395713 -537395713 
    3     7     3 : -537395713 -537395713 
    4     7     3 : -537395713 -537395713 
    5     7     3 : -537395713 -537395713 
    6     7     3 : -537395713 -537395713 
    7     7     3 : -537395713 -537395713 
    8     7     3 : -537132545 -537395713 
    1     8     3 : -537395456 -537395456 
    2     8     3 : -537395713 -537395456 
    3     8     3 : -537395713 -537395456 
    4     8     3 : -537395713 -537395456 
    5     8     3 : -537395713 -537395456 
    6     8     3 : -537395713 -537395456 
    7     8     3 : -537395713 -537395456 
    8     8     3 : -537132545 -537395456 
    1     1     4 : -267911424 -537395713 
    2     1     4 : -267911681 -537395713 
    3     1     4 : -267911681 -537395713 
    4     1     4 : -267911681 -537395713 
    5     1     4 : -267911681 -537395713 
    6     1     4 : -267911681 -537395713 
    7     1     4 : -267911681 -537395713 
    8     1     4 : -267648513 -537395713 
    1     2     4 : -537395456 -537395713 
    2     2     4 : -537395713 -537395713 
    3     2     4 : -537395713 -537395713 
    4     2     4 : -537395713 -537395713 
    5     2     4 : -537395713 -537395713 
    6     2     4 : -537395713 -537395713 
    7     2     4 : -537395713 -537395713 
    8     2     4 : -537132545 -537395713 
    1     3     4 : -537395456 -537395713 
    2     3     4 : -537395713 -537395713 
    3     3     4 : -537395713 -537395713 
    4     3     4 : -537395713 -537395713 
    5     3     4 : -537395713 -537395713 
    6     3     4 : -537395713 -537395713 
    7     3     4 : -537395713 -537395713 
    8     3     4 : -537132545 -537395713 
    1     4     4 : -537395456 -537395713 
    2     4     4 : -537395713 -537395713 
    3     4     4 : -537395713 -537395713 
    4     4     4 : -537395713 -537395713 
    5     4     4 : -537395713 -537395713 
    6     4     4 : -537395713 -537395713 
    7     4     4 : -537395713 -537395713 
    8     4     4 : -537132545 -537395713 
    1     5     4 : -537395456 -537395713 
    2     5     4 : -537395713 -537395713 
    3     5     4 : -537395713 -537395713 
    4     5     4 : -537395713 -537395713 
    5     5     4 : -537395713 -537395713 
    6     5     4 : -537395713 -537395713 
    7     5     4 : -537395713 -537395713 
    8     5     4 : -537132545 -537395713 
    1     6     4 : -537395456 -537395713 
    2     6     4 : -537395713 -537395713 
    3     6     4 : -537395713 -537395713 
    4     6     4 : -537395713 -537395713 
    5     6     4 : -537395713 -537395713 
    6     6     4 : -537395713 -537395713 
    7     6     4 : -537395713 -537395713 
    8     6     4 : -537132545 -537395713 
    1     7     4 : -537395456 -537395713 
    2     7     4 : -537395713 -537395713 
    3     7     4 : -537395713 -537395713 
    4     7     4 : -537395713 -537395713 
    5     7     4 : -537395713 -537395713 
    6     7     4 : -537395713 -537395713 
    7     7     4 : -537395713 -537395713 
    8     7     4 : -537132545 -537395713 
    1     8     4 : -537395456 -537395456 
    2     8     4 : -537395713 -537395456 
    3     8     4 : -537395713 -537395456 
    4     8     4 : -537395713 -537395456 
    5     8     4 : -537395713 -537395456 
    6     8     4 : -537395713 -537395456 
    7     8     4 : -537395713 -537395456 
    8     8     4 : -537132545 -537395456 
    1     1     5 : -267911424 -537395713 
    2     1     5 : -267911681 -537395713 
    3     1     5 : -267911681 -537395713 
    4     1     5 : -267911681 -537395713 
    5     1     5 : -267911681 -537395713 
    6     1     5 : -267911681 -537395713 
    7     1     5 : -267911681 -537395713 
    8     1     5 : -267648513 -537395713 
    1     2     5 : -537395456 -537395713 
    2     2     5 : -537395713 -537395713 
    3     2     5 : -537395713 -537395713 
    4     2     5 : -537395713 -537395713 
    5     2     5 : -537395713 -537395713 
    6     2     5 : -537395713 -537395713 
    7     2     5 : -537395713 -537395713 
    8     2     5 : -537132545 -537395713 
    1     3     5 : -537395456 -537395713 
    2     3     5 : -537395713 -537395713 
    3     3     5 : -537395713 -537395713 
    4     3     5 : -537395713 -537395713 
    5     3     5 : -537395713 -537395713 
    6     3     5 : -537395713 -537395713 
    7     3     5 : -537395713 -537395713 
    8     3     5 : -537132545 -537395713 
    1     4     5 : -537395456 -537395713 
    2     4     5 : -537395713 -537395713 
    3     4     5 : -537395713 -537395713 
    4     4     5 : -537395713 -537395713 
    5     4     5 : -537395713 -537395713 
    6     4     5 : -537395713 -537395713 
    7     4     5 : -537395713 -537395713 
    8     4     5 : -537132545 -537395713 
    1     5     5 : -537395456 -537395713 
    2     5     5 : -537395713 -537395713 
    3     5     5 : -537395713 -537395713 
    4     5     5 : -537395713 -537395713 
    5     5     5 : -537395713 -537395713 
    6     5     5 : -537395713 -537395713 
    7     5     5 : -537395713 -537395713 
    8     5     5 : -537132545 -537395713 
    1     6     5 : -537395456 -537395713 
    2     6     5 : -537395713 -537395713 
    3     6     5 : -537395713 -537395713 
    4     6     5 : -537395713 -537395713 
    5     6     5 : -537395713 -537395713 
    6     6     5 : -537395713 -537395713 
    7     6     5 : -537395713 -537395713 
    8     6     5 : -537132545 -537395713 
    1     7     5 : -537395456 -537395713 
    2     7     5 : -537395713 -537395713 
    3     7     5 : -537395713 -537395713 
    4     7     5 : -537395713 -537395713 
    5     7     5 : -537395713 -537395713 
    6     7     5 : -537395713 -537395713 
    7     7     5 : -537395713 -537395713 
    8     7     5 : -537132545 -537395713 
    1     8     5 : -537395456 -537395456 
    2     8     5 : -537395713 -537395456 
    3     8     5 : -537395713 -537395456 
    4     8     5 : -537395713 -537395456 
    5     8     5 : -537395713 -537395456 
    6     8     5 : -537395713 -537395456 
    7     8     5 : -537395713 -537395456 
    8     8     5 : -537132545 -537395456 
    1     1     6 : -267911424 -537395713 
    2     1     6 : -267911681 -537395713 
    3     1     6 : -267911681 -537395713 
    4     1     6 : -267911681 -537395713 
    5     1     6 : -267911681 -537395713 
    6     1     6 : -267911681 -537395713 
    7     1     6 : -267911681 -537395713 
    8     1     6 : -267648513 -537395713 
    1     2     6 : -537395456 -537395713 
    2     2     6 : -537395713 -537395713 
    3     2     6 : -537395713 -537395713 
    4     2     6 : -537395713 -537395713 
    5     2     6 : -537395713 -537395713 
    6     2     6 : -537395713 -537395713 
    7     2     6 : -537395713 -537395713 
    8     2     6 : -537132545 -537395713 
    1     3     6 : -537395456 -537395713 
    2     3     6 : -537395713 -537395713 
    3     3     6 : -537395713 -537395713 
    4     3     6 : -537395713 -537395713 
    5     3     6 : -537395713 -537395713 
    6     3     6 : -537395713 -537395713 
    7     3     6 : -537395713 -537395713 
    8     3     6 : -537132545 -537395713 
    1     4     6 : -537395456 -537395713 
    2     4     6 : -537395713 -537395713 
    3     4     6 : -537395713 -537395713 
    4     4     6 : -537395713 -537395713 
    5     4     6 : -537395713 -537395713 
    6     4     6 : -537395713 -537395713 
    7     4     6 : -537395713 -537395713 
    8     4     6 : -537132545 -537395713 
    1     5     6 : -537395456 -537395713 
    2     5     6 : -537395713 -537395713 
    3     5     6 : -537395713 -537395713 
    4     5     6 : -537395713 -537395713 
    5     5     6 : -537395713 -537395713 
    6     5     6 : -537395713 -537395713 
    7     5     6 : -537395713 -537395713 
    8     5     6 : -537132545 -537395713 
    1     6     6 : -537395456 -537395713 
    2     6     6 : -537395713 -537395713 
    3     6     6 : -537395713 -537395713 
    4     6     6 : -537395713 -537395713 
    5     6     6 : -537395713 -537395713 
    6     6     6 : -537395713 -537395713 
    7     6     6 : -537395713 -537395713 
    8     6     6 : -537132545 -537395713 
    1     7     6 : -537395456 -537395713 
    2     7     6 : -537395713 -537395713 
    3     7     6 : -537395713 -537395713 
    4     7     6 : -537395713 -537395713 
    5     7     6 : -537395713 -537395713 
    6     7     6 : -537395713 -537395713 
    7     7     6 : -537395713 -537395713 
    8     7     6 : -537132545 -537395713 
    1     8     6 : -537395456 -537395456 
    2     8     6 : -537395713 -537395456 
    3     8     6 : -537395713 -537395456 
    4     8     6 : -537395713 -537395456 
    5     8     6 : -537395713 -537395456 
    6     8     6 : -537395713 -537395456 
    7     8     6 : -537395713 -537395456 
    8     8     6 : -537132545 -537395456 
    1     1     7 : -267911424 -537395713 
    2     1     7 : -267911681 -537395713 
    3     1     7 : -267911681 -537395713 
    4     1     7 : -267911681 -537395713 
    5     1     7 : -267911681 -537395713 
    6     1     7 : -267911681 -537395713 
    7     1     7 : -267911681 -537395713 
    8     1     7 : -267648513 -537395713 
    1     2     7 : -537395456 -537395713 
    2     2     7 : -537395713 -537395713 
    3     2     7 : -537395713 -537395713 
    4     2     7 : -537395713 -537395713 
    5     2     7 : -537395713 -537395713 
    6     2     7 : -537395713 -537395713 
    7     2     7 : -537395713 -537395713 
    8     2     7 : -537132545 -537395713 
    1     3     7 : -537395456 -537395713 
    2     3     7 : -537395713 -537395713 
    3     3     7 : -537395713 -537395713 
    4     3     7 : -537395713 -537395713 
    5     3     7 : -537395713 -537395713 
    6     3     7 : -537395713 -537395713 
    7     3     7 : -537395713 -537395713 
    8     3     7 : -537132545 -537395713 
    1     4     7 : -537395456 -537395713 
    2     4     7 : -537395713 -537395713 
    3     4     7 : -537395713 -537395713 
    4     4     7 : -537395713 -537395713 
    5     4     7 : -537395713 -537395713 
    6     4     7 : -537395713 -537395713 
    7     4     7 : -537395713 -537395713 
    8     4     7 : -537132545 -537395713 
    1     5     7 : -537395456 -537395713 
    2     5     7 : -537395713 -537395713 
    3     5     7 : -537395713 -537395713 
    4     5     7 : -537395713 -537395713 
    5     5     7 : -537395713 -537395713 
    6     5     7 : -537395713 -537395713 
    7     5     7 : -537395713 -537395713 
    8     5     7 : -537132545 -537395713 
    1     6     7 : -537395456 -537395713 
    2     6     7 : -537395713 -537395713 
    3     6     7 : -537395713 -537395713 
    4     6     7 : -537395713 -537395713 
    5     6     7 : -537395713 -537395713 
    6     6     7 : -537395713 -537395713 
    7     6     7 : -537395713 -537395713 
    8     6     7 : -537132545 -537395713 
    1     7     7 : -537395456 -537395713 
    2     7     7 : -537395713 -537395713 
    3     7     7 : -537395713 -537395713 
    4     7     7 : -537395713 -537395713 
    5     7     7 : -537395713 -537395713 
    6     7     7 : -537395713 -537395713 
    7     7     7 : -537395713 -537395713 
    8     7     7 : -537132545 -537395713 
    1     8     7 : -537395456 -537395456 
    2     8     7 : -537395713 -537395456 
    3     8     7 : -537395713 -537395456 
    4     8     7 : -537395713 -537395456 
    5     8     7 : -537395713 -537395456 
    6     8     7 : -537395713 -537395456 
    7     8     7 : -537395713 -537395456 
    8     8     7 : -537132545 -537395456 
    1     1     8 : -267911424 -267911681 
    2     1     8 : -267911681 -267911681 
    3     1     8 : -267911681 -267911681 
    4     1     8 : -267911681 -267911681 
    5     1     8 : -267911681 -267911681 
    6     1     8 : -267911681 -267911681 
    7     1     8 : -267911681 -267911681 
    8     1     8 : -267648513 -267911681 
    1     2     8 : -537395456 -267911681 
    2     2     8 : -537395713 -267911681 
    3     2     8 : -537395713 -267911681 
    4     2     8 : -537395713 -267911681 
    5     2     8 : -537395713 -267911681 
    6     2     8 : -537395713 -267911681 
    7     2     8 : -537395713 -267911681 
    8     2     8 : -537132545 -267911681 
    1     3     8 : -537395456 -267911681 
    2     3     8 : -537395713 -267911681 
    3     3     8 : -537395713 -267911681 
    4     3     8 : -537395713 -267911681 
    5     3     8 : -537395713 -267911681 
    6     3     8 : -537395713 -267911681 
    7     3     8 : -537395713 -267911681 
    8     3     8 : -537132545 -267911681 
    1     4     8 : -537395456 -267911681 
    2     4     8 : -537395713 -267911681 
    3     4     8 : -537395713 -267911681 
    4     4     8 : -537395713 -267911681 
    5     4     8 : -537395713 -267911681 
    6     4     8 : -537395713 -267911681 
    7     4     8 : -537395713 -267911681 
    8     4     8 : -537132545 -267911681 
    1     5     8 : -537395456 -267911681 
    2     5     8 : -537395713 -267911681 
    3     5     8 : -537395713 -267911681 
    4     5     8 : -537395713 -267911681 
    5     5     8 : -537395713 -267911681 
    6     5     8 : -537395713 -267911681 
    7     5     8 : -537395713 -267911681 
    8     5     8 : -537132545 -267911681 
    1     6     8 : -537395456 -267911681 
    2     6     8 : -537395713 -267911681 
    3     6     8 : -537395713 -267911681 
    4     6     8 : -537395713 -267911681 
    5     6     8 : -537395713 -267911681 
    6     6     8 : -537395713 -267911681 
    7     6     8 : -537395713 -267911681 
    8     6     8 : -537132545 -267911681 
    1     7     8 : -537395456 -267911681 
    2     7     8 : -537395713 -267911681 
    3     7     8 : -537395713 -267911681 
    4     7     8 : -537395713 -267911681 
    5     7     8 : -537395713 -267911681 
    6     7     8 : -537395713 -267911681 
    7     7     8 : -537395713 -267911681 
    8     7     8 : -537132545 -267911681 
    1     8     8 : -537395456 -267911424 
    2     8     8 : -537395713 -267911424 
    3     8     8 : -537395713 -267911424 
    4     8     8 : -537395713 -267911424 
    5     8     8 : -537395713 -267911424 
    6     8     8 : -537395713 -267911424 
    7     8     8 : -537395713 -267911424 
    8     8     8 : -537132545 -267911424 
